-,-,-
963, 30, 187
997, 17, 228
914, 21, 242
914, 21, 242
919, -22, 160
971, -18, -72
926, -5, -73
810, -24, -28
810, -24, -28
696, -33, 63
596, -42, 90
558, -31, -15
522, -25, -41
448, -2, -11
448, -2, -11
402, 33, -15
366, 18, 72
362, -21, 179
362, -21, 179
453, -27, 199
554, -42, 207
649, -108, 186
762, -233, 219
915, -271, 257
915, -271, 257
1001, -190, 355
1105, -218, 390
1240, -244, 415
1331, -162, 444
1493, -137, 475
1587, -210, 618
1704, -215, 624
1805, -269, 703
1948, -381, 726
1970, -432, 625
1925, -386, 567
1808, -296, 554
1673, -212, 525
1673, -212, 525
1537, -131, 518
1392, -82, 458
1269, -18, 411
1186, 25, 364
1160, 59, 279
1097, 51, 237
1050, 55, 214
1050, 55, 214
985, 70, 210
917, 157, 185
887, 189, 246
877, 105, 256
877, 105, 256
867, 61, 205
823, 84, 200
754, 105, 202
699, 156, 96
699, 156, 96
647, 212, 102
523, 282, 127
458, 318, 185
464, 351, 256
499, 335, 242
499, 335, 242
559, 321, 183
574, 333, 137
592, 372, 119
621, 416, 188
621, 416, 188
660, 444, 254
727, 455, 242
761, 467, 219
783, 503, 249
838, 511, 288
838, 511, 288
905, 473, 284
971, 437, 227
1018, 362, 225
1052, 307, 217
1040, 283, 257
1060, 206, 243
1060, 206, 243
1078, 125, 210
1081, 91, 191
1060, 56, 171
1032, 32, 158
998, 26, 163
998, 26, 163
971, -5, 138
971, -48, 77
977, -89, -20
981, -129, -50
981, -129, -50
964, -188, -31
949, -223, -64
929, -245, -164
918, -279, -206
892, -329, -183
828, -333, -118
773, -297, -88
723, -269, -56
676, -273, -67
676, -273, -67
658, -296, -132
631, -323, -122
578, -285, -63
488, -185, -15
410, -86, 42
357, -32, 68
357, -32, 68
388, -84, 57
518, -137, 72
612, -166, 41
653, -186, 25
653, -186, 25
741, -266, 58
890, -248, 43
965, -156, 119
1007, -168, 31
1080, -138, 17
1163, 32, 232
1163, 32, 232
1194, 76, 318
1449, 88, 357
1423, 83, 187
1558, 142, 429
1552, 143, 477
1552, 143, 477
1570, 109, 537
1617, 14, 496
1651, -91, 555
1642, -141, 599
1605, -158, 527
1580, -213, 415
1573, -259, 319
1571, -262, 229
1515, -255, 134
1473, -286, 170
1473, -286, 170
1430, -271, 188
1418, -234, 170
1365, -211, 92
1290, -167, 88
1241, -89, 114
1181, -43, 111
1104, -43, 106
993, 0, 104
993, 0, 104
845, 124, 114
690, 232, 202
586, 254, 256
495, 310, 296
495, 310, 296
401, 421, 371
355, 510, 430
365, 522, 490
454, 485, 492
562, 446, 401
562, 446, 401
614, 462, 372
664, 507, 383
725, 550, 350
805, 557, 316
805, 557, 316
852, 558, 321
874, 596, 356
867, 632, 390
867, 620, 381
888, 574, 373
888, 574, 373
904, 525, 346
900, 481, 318
872, 405, 329
865, 291, 335
879, 155, 319
879, 155, 319
875, 26, 284
885, -102, 217
875, -169, 145
873, -227, 80
893, -331, 0
893, -331, 0
936, -452, -140
965, -535, -246
993, -581, -313
982, -599, -304
988, -643, -277
1009, -702, -254
1015, -705, -274
977, -674, -278
920, -605, -283
828, -484, -250
718, -341, -218
718, -341, -218
618, -246, -161
525, -168, -90
435, -61, -36
393, 23, 33
398, 34, 22
398, 34, 22
449, -26, -49
467, -89, -65
490, -95, -4
601, -213, 121
601, -213, 121
740, -324, 69
800, -281, -90
869, -196, -64
979, -323, 109
1096, -329, 101
1127, -95, 97
1233, -70, 180
1233, -70, 180
1379, -262, 257
1508, -304, 317
1509, -155, 319
1518, -140, 305
1493, -171, 488
1443, -131, 564
1370, -83, 568
1314, -133, 567
1278, -221, 529
1271, -275, 440
1229, -291, 383
1173, -299, 300
1147, -270, 200
1147, -270, 200
1130, -224, 138
1152, -213, 79
1203, -218, 123
1262, -197, 188
1359, -228, 241
1407, -250, 298
1412, -202, 406
1458, -125, 488
1494, -72, 440
1476, -53, 393
1381, 2, 395
1381, 2, 395
1231, 73, 404
1063, 197, 408
885, 257, 387
710, 252, 331
710, 252, 331
576, 295, 223
444, 387, 233
301, 466, 366
264, 492, 403
292, 481, 313
292, 481, 313
402, 427, 190
506, 349, 161
569, 325, 251
651, 334, 260
744, 344, 186
744, 344, 186
839, 321, 197
869, 333, 226
870, 414, 266
882, 452, 300
882, 452, 300
897, 462, 290
904, 484, 283
887, 507, 297
882, 483, 309
895, 409, 298
895, 409, 298
931, 338, 245
953, 261, 209
932, 180, 207
928, 111, 184
936, 43, 101
936, 43, 101
955, -44, 18
963, -146, -66
943, -222, -141
902, -268, -184
903, -324, -240
931, -416, -291
931, -416, -291
959, -510, -335
960, -567, -282
958, -608, -223
973, -645, -212
989, -646, -269
954, -600, -254
891, -538, -186
824, -469, -112
770, -397, -67
711, -323, -35
664, -294, 10
664, -294, 10
614, -266, 7
588, -225, -76
560, -194, -139
534, -123, -164
488, -55, -93
460, -37, -6
460, -37, -6
481, -38, 4
598, -132, -111
766, -249, -214
912, -309, -246
968, -334, -117
1024, -310, 5
1024, -310, 5
1117, -219, 61
1197, -176, 125
1266, -238, 119
1376, -250, 145
1460, -264, 134
1476, -279, 188
1441, -298, 306
1441, -287, 367
1419, -280, 419
1353, -268, 423
1277, -246, 427
1277, -246, 427
1240, -236, 446
1229, -304, 442
1252, -389, 377
1362, -495, 294
1548, -614, 269
1605, -613, 311
1595, -557, 305
1518, -482, 308
1422, -373, 201
1299, -214, 197
1173, -85, 169
1034, 22, 176
1034, 22, 176
935, 45, 159
885, 81, 12
794, 148, 25
634, 308, 23
634, 308, 23
442, 492, 188
362, 590, 372
418, 556, 395
496, 547, 285
496, 547, 285
516, 596, 388
551, 591, 442
648, 506, 382
753, 444, 302
792, 451, 273
792, 451, 273
786, 491, 356
789, 539, 380
847, 501, 342
907, 438, 273
907, 438, 273
936, 448, 240
931, 466, 236
932, 432, 233
944, 380, 202
988, 313, 139
988, 313, 139
1039, 269, 57
1016, 235, 65
982, 204, 96
922, 162, 111
922, 162, 111
879, 98, 140
876, -8, 115
844, -97, 71
806, -161, 50
806, -161, 50
811, -275, -98
862, -432, -274
898, -559, -384
916, -648, -375
922, -716, -310
935, -756, -308
939, -757, -344
913, -726, -383
893, -658, -369
844, -586, -312
779, -502, -246
779, -502, -246
712, -412, -191
661, -350, -146
632, -319, -157
606, -318, -153
568, -293, -133
547, -243, -160
532, -198, -162
510, -216, -166
490, -281, -231
488, -319, -336
529, -266, -434
510, -237, -362
488, -298, -240
469, -369, -165
469, -369, -165
496, -335, -140
603, -219, -152
758, -117, -103
901, -38, 79
1138, -37, 281
1428, -96, 394
1736, -133, 738
1894, -73, 935
1957, -72, 969
1957, -72, 969
1996, -152, 959
1997, -229, 860
1898, -240, 848
1729, -256, 689
1545, -261, 520
1394, -283, 374
1299, -319, 202
1235, -357, 104
1174, -344, 30
1172, -329, 13
1207, -384, 33
1207, -384, 33
1267, -453, 50
1238, -442, 92
1188, -371, 150
1155, -340, 176
1157, -323, 140
1045, -346, 163
970, -307, 113
851, -219, 76
694, -42, 6
694, -42, 6
522, 195, -40
348, 434, 32
302, 587, 157
302, 587, 157
330, 558, 322
430, 530, 251
593, 518, 176
683, 463, 155
742, 448, 112
742, 448, 112
800, 444, 156
869, 437, 96
924, 417, 44
949, 427, 68
949, 427, 68
937, 431, 120
935, 419, 154
940, 432, 128
936, 414, 101
936, 414, 101
932, 393, 84
919, 383, 116
951, 367, 76
980, 297, 73
980, 297, 73
1023, 213, 47
1037, 139, 34
1005, 67, 62
952, 67, 65
952, 23, 65
922, -37, 22
874, -147, 6
874, -147, 6
836, -309, -23
825, -453, -93
883, -619, -168
972, -799, -295
1005, -913, -329
1001, -938, -277
980, -931, -292
949, -880, -356
877, -775, -342
795, -647, -297
709, -525, -200
605, -400, -75
605, -400, -75
487, -264, 63
400, -172, 72
357, -110, -83
324, -55, -214
269, 2, -218
269, 2, -218
253, 51, -160
348, -57, -158
519, -333, -188
718, -551, -274
849, -558, -272
867, -510, -160
887, -478, -78
980, -419, -21
980, -419, -21
1116, -307, 62
1232, -222, 217
1442, -220, 227
1693, -303, 446
1813, -293, 588
1818, -197, 821
1776, -84, 795
1731, -148, 767
1683, -211, 700
1520, -218, 611
1395, -241, 515
1395, -241, 515
1321, -286, 353
1267, -343, 212
1244, -370, 115
1229, -413, 38
1197, -423, 58
1189, -437, 107
1255, -480, 168
1302, -508, 123
1263, -384, 81
1174, -206, 179
1143, -132, 261
1143, -110, 241
1143, -110, 241
1117, -110, 118
1096, -137, -10
1036, -118, -56
898, -18, -77
690, 137, -16
456, 330, 80
324, 523, 19
324, 523, 19
295, 602, 5
306, 618, 82
335, 609, 234
335, 609, 234
448, 540, 299
649, 429, 187
773, 365, 151
853, 374, 151
907, 399, 170
907, 399, 170
947, 410, 144
1015, 406, 91
1094, 386, 54
1145, 388, 3
1145, 388, 3
1106, 434, -18
1028, 486, 37
998, 493, 83
1033, 423, 58
1053, 368, -38
1053, 368, -38
1010, 387, -39
965, 403, -15
897, 375, 75
873, 326, 139
897, 230, 93
897, 230, 93
899, 113, 36
861, -11, -25
827, -168, -38
848, -360, -139
864, -522, -214
864, -522, -214
864, -618, -251
872, -713, -285
907, -836, -304
955, -914, -384
965, -898, -447
900, -820, -396
797, -697, -341
689, -551, -293
593, -382, -263
520, -271, -202
476, -241, -176
446, -239, -139
427, -220, -90
430, -220, -37
430, -220, -37
455, -257, -37
474, -258, -82
484, -276, -65
519, -313, -131
583, -335, -263
662, -384, -384
748, -419, -459
850, -390, -391
956, -258, -322
1045, -65, -167
1045, -65, -167
1189, 64, 137
1427, 66, 323
1722, -56, 331
1882, -173, 499
1819, -154, 765
1737, -50, 768
1667, -10, 729
1615, -126, 599
1615, -126, 599
1533, -265, 461
1426, -280, 347
1341, -241, 226
1276, -251, 166
1245, -305, 144
1259, -392, 116
1267, -421, 109
1231, -332, 146
1232, -277, 166
1281, -204, 191
1348, -203, 251
1372, -160, 224
1343, -68, 232
1264, -6, 194
1264, -6, 194
1080, 141, 105
794, 363, 85
584, 543, 43
470, 668, 1
470, 668, 1
424, 682, -17
432, 594, -4
459, 524, 102
459, 524, 102
468, 503, 181
515, 485, 182
580, 436, 137
661, 387, 103
745, 377, 104
745, 377, 104
836, 370, 36
897, 377, 24
969, 422, 38
1050, 464, 8
1050, 464, 8
1105, 498, 15
1089, 524, 72
1055, 509, 135
1064, 457, 137
1064, 457, 137
1069, 418, 94
1026, 410, 44
976, 364, 19
906, 299, -29
826, 251, -104
826, 251, -104
736, 132, -108
692, -80, -179
679, -278, -365
710, -433, -526
764, -606, -582
765, -786, -428
747, -906, -281
769, -992, -233
866, -1039, -367
855, -1028, -417
814, -932, -356
737, -798, -279
672, -660, -239
672, -660, -239
622, -543, -244
583, -477, -241
564, -428, -226
550, -378, -202
533, -338, -181
489, -290, -167
437, -206, -183
378, -146, -221
382, -129, -289
399, -128, -342
390, -135, -384
397, -178, -408
495, -268, -341
654, -322, -272
654, -322, -272
817, -289, -258
969, -240, -144
1161, -189, -6
1442, -211, 148
1680, -330, 172
1865, -518, 326
1858, -565, 572
1737, -447, 721
1620, -375, 690
1544, -417, 572
1459, -462, 456
1331, -461, 365
1222, -459, 257
1156, -444, 88
1156, -444, 88
1121, -398, -45
1080, -370, -100
1060, -351, -92
1054, -335, -49
1077, -298, 24
1102, -294, 112
1176, -360, 132
1248, -393, 84
1289, -383, 85
1300, -430, 163
1286, -484, 117
1286, -484, 117
1268, -508, 5
1283, -519, -111
1170, -482, 33
1020, -393, 132
815, -163, 216
624, 95, 232
544, 233, 79
544, 233, 79
502, 390, 57
471, 508, 248
493, 537, 306
582, 495, 299
582, 495, 299
695, 376, 181
801, 306, 55
859, 294, 66
914, 299, 38
914, 299, 38
944, 337, 11
964, 358, 33
1017, 343, -10
1081, 346, -57
1081, 346, -57
1104, 396, -56
1054, 396, 31
1026, 352, 28
1041, 284, -40
1040, 227, -99
1047, 156, -120
1017, 58, -121
1017, 58, -121
943, -21, -91
852, -97, -80
746, -172, -40
696, -326, -83
694, -534, -207
735, -691, -331
756, -786, -378
785, -970, -310
785, -970, -310
849, -1146, -320
898, -1224, -390
877, -1159, -459
786, -1000, -462
671, -842, -375
598, -716, -304
541, -583, -273
491, -477, -243
463, -406, -162
409, -356, -85
366, -286, -44
380, -283, -166
430, -308, -323
493, -337, -408
501, -314, -304
477, -211, -199
477, -211, -199
508, -122, -201
606, -176, -205
735, -269, -265
877, -271, -297
960, -176, -253
962, -117, -84
1010, -37, 121
1270, -278, 154
1558, -528, 287
1692, -651, 451
1742, -673, 490
1757, -666, 445
1741, -695, 441
1741, -695, 441
1668, -736, 393
1538, -727, 325
1431, -708, 257
1320, -640, 198
1215, -534, 125
1190, -491, 95
1240, -499, -23
1283, -496, -55
1308, -472, -70
1299, -418, -91
1244, -344, 23
1168, -282, 165
1168, -282, 165
1108, -274, 222
1063, -278, 156
1029, -278, 66
1003, -326, 25
1030, -354, -113
931, -292, -50
716, -64, 56
528, 226, 181
428, 226, 119
428, 456, 119
536, 558, 26
546, 546, 191
567, 530, 306
622, 499, 326
622, 499, 326
715, 434, 204
821, 368, 109
887, 304, 104
915, 288, 86
915, 288, 86
931, 273, 90
975, 240, 29
1024, 186, -28
1061, 131, -75
1056, 102, -134
1056, 102, -134
1044, 112, -157
1016, 117, -80
963, 146, -10
903, 133, 13
888, 29, -7
896, -92, -49
896, -92, -49
890, -239, -73
881, -359, -152
868, -480, -196
874, -583, -206
861, -632, -238
870, -698, -258
898, -817, -202
899, -873, -215
875, -827, -268
809, -732, -298
809, -732, -298
719, -632, -256
648, -548, -213
618, -486, -191
593, -443, -138
527, -403, -60
495, -391, -55
518, -363, -133
509, -312, -196
484, -276, -190
439, -291, -140
401, -309, -209
423, -261, -354
423, -261, -354
447, -189, -501
478, -142, -565
558, -169, -379
666, -123, -129
876, -73, 0
1207, -81, 104
1595, -237, 21
1870, -492, 266
1964, -619, 557
1892, -606, 904
1892, -606, 904
1751, -490, 1038
1671, -433, 909
1593, -466, 723
1479, -510, 535
1334, -514, 410
1241, -481, 269
1165, -450, 150
1145, -450, 70
1135, -480, 54
1151, -464, 73
1199, -453, 134
1253, -521, 82
1253, -521, 82
1301, -588, 14
1332, -586, -70
1292, -534, 18
1232, -452, 56
1150, -362, 58
1069, -352, 49
1032, -359, 114
899, -235, 148
899, -235, 148
704, 16, 230
452, 358, 362
347, 626, 516
406, 668, 498
592, 581, 347
592, 581, 347
714, 436, 296
709, 411, 299
659, 551, 229
573, 713, 116
579, 774, 38
579, 774, 38
658, 697, 7
750, 609, -5
820, 535, -37
820, 535, -37
866, 465, -49
879, 458, -71
867, 456, -56
915, 389, 0
915, 389, 0
1003, 277, 22
1052, 198, 35
1038, 144, 51
1015, 102, 46
1015, 102, 46
984, 38, 80
936, -98, 116
930, -292, 81
963, -520, -13
963, -520, -13
974, -688, -121
956, -777, -202
988, -945, -176
1006, -1075, -209
979, -1103, -280
936, -1041, -373
861, -923, -426
742, -764, -320
653, -629, -251
572, -489, -188
511, -372, -197
455, -274, -141
385, -200, -68
327, -141, -73
343, -180, -184
343, -180, -184
378, -196, -351
400, -177, -428
368, -176, -373
357, -202, -344
427, -242, -365
526, -295, -406
631, -287, -369
737, -206, -57
913, -220, 215
1174, -220, 455
1544, -399, 575
1776, -581, 601
1902, -670, 652
1902, -670, 652
1915, -689, 710
1829, -641, 700
1709, -608, 660
1579, -577, 617
1457, -566, 532
1369, -574, 440
1285, -566, 359
1209, -552, 263
1155, -524, 224
1142, -525, 174
1165, -551, 175
1192, -577, 142
1213, -585, 111
1189, -531, 140
1189, -531, 140
1145, -471, 193
1128, -436, 219
1111, -408, 70
1101, -378, -99
1060, -339, -9
954, -271, 66
866, -146, 63
772, -40, 67
772, -40, 67
692, 87, 73
577, 317, 85
483, 527, 195
483, 527, 195
400, 701, 381
429, 782, 389
591, 717, 306
758, 607, 282
810, 523, 357
810, 523, 357
872, 504, 348
917, 486, 305
958, 427, 227
970, 333, 176
986, 284, 108
986, 284, 108
980, 251, 65
959, 175, 2
964, 75, -59
964, 75, -59
985, 14, -149
930, 29, -119
810, 33, 62
749, -58, 165
749, -58, 165
784, -250, 157
895, -496, -33
951, -641, -183
945, -694, -227
939, -781, -198
945, -892, -226
955, -922, -325
908, -867, -359
843, -773, -342
773, -684, -263
773, -684, -263
716, -590, -211
652, -473, -216
615, -398, -270
597, -393, -301
593, -427, -260
574, -417, -158
528, -317, -100
477, -246, -109
472, -223, -127
495, -245, -109
521, -233, -128
523, -219, -179
536, -288, -265
567, -351, -410
567, -351, -410
623, -348, -512
626, -270, -332
666, -200, -80
808, -214, 108
1081, -321, 207
1367, -425, 315
1609, -429, 501
1720, -418, 717
1778, -388, 876
1819, -420, 939
1814, -468, 853
1726, -474, 683
1606, -492, 560
1606, -492, 560
1501, -519, 440
1393, -531, 290
1297, -524, 142
1232, -528, 46
1191, -540, -7
1174, -560, -20
1148, -572, 0
1129, -513, 16
1097, -435, 46
1097, -435, 46
1081, -367, 69
1073, -341, 72
1079, -289, 102
1046, -244, 85
1008, -233, 33
940, -196, 14
842, -31, -2
842, -31, -2
672, 172, 108
561, 322, 160
446, 524, 162
360, 723, 184
360, 723, 184
393, 773, 239
501, 613, 335
705, 500, 400
859, 406, 476
998, 310, 372
998, 310, 372
1068, 281, 301
1116, 264, 216
1184, 198, 93
1227, 109, 5
1224, 51, -71
1224, 51, -71
1151, 22, -57
1077, 21, -81
997, 69, -165
883, 89, -127
781, 78, -109
781, 78, -109
681, 58, 8
608, 40, 109
625, -19, 137
625, -19, 137
717, -196, 89
812, -396, -37
880, -569, -120
936, -749, -160
996, -862, -240
1005, -917, -278
973, -915, -272
905, -858, -268
841, -758, -195
803, -679, -239
803, -679, -239
743, -597, -285
712, -526, -361
671, -477, -366
609, -425, -283
545, -361, -211
500, -317, -195
485, -309, -192
477, -337, -219
472, -390, -283
467, -403, -317
444, -391, -247
417, -399, -186
415, -420, -152
407, -392, -99
407, -392, -99
449, -312, -81
569, -274, -112
749, -313, -83
968, -298, 32
1191, -241, 312
1467, -305, 423
1723, -347, 627
1825, -308, 811
1817, -295, 928
1808, -290, 940
1808, -290, 940
1752, -231, 804
1636, -198, 751
1524, -237, 638
1431, -265, 514
1369, -330, 390
1333, -383, 251
1278, -415, 188
1272, -430, 191
1270, -478, 171
1268, -492, 218
1268, -461, 207
1275, -439, 263
1255, -477, 292
1204, -444, 250
1204, -444, 250
1191, -459, 65
1161, -412, -79
1013, -251, -128
679, 11, 87
412, 332, 109
322, 580, 50
375, 632, 128
375, 632, 128
396, 599, 263
420, 603, 376
546, 600, 327
731, 534, 212
731, 534, 212
842, 472, 206
843, 477, 291
858, 514, 309
954, 473, 225
1048, 411, 110
1048, 411, 110
1074, 365, 98
1081, 320, 123
1101, 246, 128
1079, 178, 115
1065, 141, 139
1028, 91, 220
1028, 91, 220
898, 63, 244
718, 67, 234
660, -2, 62
684, -197, -103
717, -417, -240
717, -417, -240
702, -602, -338
710, -776, -391
758, -864, -495
779, -921, -446
792, -1021, -368
796, -1090, -321
744, -1108, -283
742, -1056, -323
687, -970, -339
613, -861, -337
526, -724, -314
445, -569, -232
373, -439, -120
309, -369, -69
293, -352, -188
287, -281, -311
287, -281, -311
294, -193, -367
293, -167, -219
330, -216, -80
471, -314, -152
689, -436, -294
961, -549, -355
1186, -591, -276
1389, -565, -31
1552, -550, 263
1677, -458, 475
1678, -360, 680
1616, -223, 767
1560, -197, 702
1491, -248, 465
1402, -298, 201
1402, -298, 201
1319, -349, 94
1231, -408, 7
1147, -438, -50
1100, -437, -100
1076, -431, -136
1106, -454, -137
1190, -512, -143
1305, -563, -71
1389, -599, 38
1436, -656, 105
1499, -671, 52
1512, -633, -22
1464, -568, -29
1464, -568, -29
1299, -425, 78
1131, -205, 90
975, -3, 86
815, 117, 30
656, 261, -18
656, 261, -18
450, 451, 143
359, 605, 308
286, 605, 292
339, 522, 99
452, 421, -56
452, 421, -56
552, 318, -94
606, 273, -51
699, 281, -57
841, 288, -20
841, 288, -20
959, 265, 106
1046, 280, 222
1074, 356, 282
1074, 438, 346
1108, 488, 381
1159, 505, 400
1148, 509, 424
1148, 509, 424
1080, 466, 421
964, 372, 418
885, 172, 331
909, -80, 99
910, -360, -147
856, -573, -408
856, -573, -408
795, -700, -500
778, -798, -491
790, -895, -414
799, -948, -359
775, -945, -318
740, -926, -282
731, -886, -276
711, -819, -323
677, -735, -371
606, -616, -336
528, -465, -264
476, -352, -215
450, -297, -200
426, -284, -157
426, -284, -157
395, -308, -153
399, -350, -210
432, -400, -246
463, -448, -224
493, -533, -160
521, -630, -110
599, -674, -107
648, -609, -83
697, -486, -33
800, -426, 5
800, -426, 5
945, -362, 136
1178, -371, 104
1442, -439, 169
1625, -531, 251
1677, -510, 350
1664, -463, 467
1631, -440, 509
1577, -424, 477
1473, -387, 436
1375, -373, 409
1286, -395, 341
1286, -395, 341
1221, -418, 245
1166, -422, 164
1146, -452, 93
1153, -514, 5
1203, -600, -17
1275, -685, -2
1347, -785, 74
1408, -829, 7
1408, -829, 7
1365, -767, -25
1301, -671, 92
1278, -699, 149
1225, -639, 62
1055, -449, 61
840, -146, 32
653, 181, -31
653, 181, -31
541, 402, -6
471, 508, 60
399, 530, 230
432, 497, 283
432, 497, 283
548, 404, 189
683, 381, 98
754, 402, 114
781, 439, 157
825, 482, 170
825, 482, 170
909, 494, 160
1010, 466, 121
1072, 428, 57
1073, 414, 66
1039, 413, 115
1039, 413, 115
1039, 344, 117
1071, 248, 22
1051, 177, -64
935, 133, 2
878, 17, 10
878, 17, 10
857, -181, -32
854, -396, -138
808, -565, -186
771, -701, -253
777, -805, -362
792, -857, -383
770, -839, -332
713, -820, -277
713, -820, -277
685, -769, -364
643, -692, -424
601, -604, -435
543, -542, -392
492, -487, -335
463, -460, -266
446, -463, -250
432, -480, -283
434, -512, -346
438, -537, -399
449, -558, -340
470, -545, -304
467, -525, -250
454, -486, -185
454, -486, -185
441, -414, -86
473, -348, -36
548, -305, -112
643, -340, -173
787, -367, -172
974, -368, -20
1177, -414, -108
1369, -440, 53
1531, -529, 286
1707, -615, 463
1778, -611, 575
1757, -600, 615
1757, -600, 615
1691, -621, 608
1597, -642, 535
1456, -624, 425
1307, -597, 271
1177, -577, 129
1083, -552, 23
1042, -536, -36
1023, -528, -45
1048, -542, -14
1099, -553, 25
1167, -537, 71
1167, -537, 96
1235, -531, 96
1307, -556, 105
1349, -567, 100
1331, -530, 69
1309, -501, -13
1226, -472, -104
1082, -339, -170
910, -155, -164
736, 20, -75
617, 190, -5
617, 190, -5
528, 311, 154
522, 413, 271
539, 480, 164
577, 516, 156
577, 516, 156
603, 473, 218
641, 432, 259
743, 378, 177
847, 319, -25
894, 303, -11
894, 303, -11
911, 316, 64
931, 309, 114
986, 325, 125
1042, 367, 113
1063, 406, 141
1063, 406, 141
1050, 443, 193
1043, 390, 246
1051, 242, 290
1051, 112, 219
1009, 15, 126
901, -91, 87
901, -91, 87
776, -221, 76
694, -448, 1
720, -678, -322
750, -807, -558
743, -891, -549
761, -959, -451
721, -959, -340
721, -998, -340
728, -949, -295
672, -861, -261
622, -770, -240
581, -674, -259
518, -584, -262
467, -528, -302
406, -491, -404
366, -447, -482
329, -416, -502
293, -401, -449
261, -392, -347
262, -371, -309
302, -332, -257
369, -361, -236
369, -361, -236
492, -445, -200
602, -467, -32
746, -432, 133
955, -411, 221
1184, -447, 404
1370, -548, 485
1506, -632, 678
1562, -633, 800
1620, -643, 754
1668, -683, 637
1625, -698, 543
1625, -698, 510
1536, -687, 510
1398, -647, 492
1276, -607, 409
1197, -617, 296
1154, -629, 175
1124, -639, 90
1103, -637, 70
1100, -661, 38
1117, -667, 35
1163, -688, 51
1234, -688, 18
1234, -737, 18
1267, -732, 112
1212, -682, 203
1157, -595, 194
1136, -544, 114
1080, -528, 35
951, -446, 5
772, -253, 3
772, -253, 3
664, -35, 0
570, 150, -41
495, 314, 27
495, 314, 27
455, 460, 158
487, 532, 154
571, 544, 167
686, 512, 149
782, 469, 159
782, 469, 159
876, 428, 181
940, 430, 178
970, 459, 162
996, 447, 130
1032, 434, 84
1032, 434, 84
1043, 437, 85
1028, 419, 74
1000, 385, 76
979, 361, 80
979, 361, 80
949, 309, 52
915, 216, 39
874, 135, 8
874, 135, 8
829, 68, -38
777, -9, 27
709, -124, 65
709, -124, 65
677, -242, -21
696, -358, -243
728, -486, -407
800, -692, -264
900, -1005, -118
941, -1230, -195
947, -1242, -325
870, -1148, -376
746, -1031, -316
654, -927, -232
571, -823, -209
515, -719, -234
446, -635, -246
401, -567, -301
375, -515, -337
333, -440, -318
333, -440, -318
269, -326, -259
176, -210, -258
189, -222, -406
319, -312, -581
434, -368, -587
452, -309, -331
505, -252, -39
687, -267, 117
981, -399, 228
1283, -581, 388
1456, -683, 614
1456, -683, 614
1571, -738, 756
1617, -754, 793
1675, -805, 747
1659, -777, 636
1565, -731, 548
1480, -738, 438
1418, -769, 327
1351, -798, 228
1272, -777, 143
1178, -685, 144
1114, -624, 126
1102, -605, 113
1105, -596, 141
1098, -553, 160
1130, -506, 164
1130, -506, 164
1173, -453, 215
1146, -389, 284
1101, -384, 266
1101, -418, 40
1086, -376, -182
1001, -289, -237
901, -246, -173
813, -229, -175
747, -145, -138
681, 31, -45
629, 189, 87
629, 189, 87
616, 310, 101
557, 384, 207
587, 426, 205
661, 399, 120
661, 399, 120
753, 380, -1
800, 389, -42
823, 385, 16
868, 382, 34
868, 382, 34
924, 354, 70
977, 311, 41
1022, 263, 12
1035, 215, 23
1035, 215, 23
1027, 160, 125
1056, 68, 127
1074, -24, 60
1024, -119, 9
962, -197, -1
962, -197, -1
865, -321, 58
847, -468, -7
843, -567, -197
811, -618, -315
792, -647, -388
757, -713, -320
728, -754, -274
752, -783, -341
752, -783, -341
753, -786, -338
715, -743, -323
638, -664, -291
536, -596, -241
484, -555, -253
470, -559, -290
462, -552, -311
429, -509, -270
355, -484, -242
353, -524, -361
390, -560, -472
431, -567, -476
420, -542, -371
410, -531, -229
410, -531, -229
473, -538, -174
616, -559, -132
781, -576, -32
928, -572, 108
1112, -507, 319
1332, -505, 519
1461, -420, 697
1521, -310, 868
1601, -300, 910
1658, -360, 912
1639, -384, 918
1552, -413, 836
1552, -413, 669
1465, -448, 669
1381, -504, 496
1296, -552, 350
1224, -597, 207
1187, -624, 91
1155, -643, 66
1141, -653, 81
1156, -672, 110
1180, -682, 111
1175, -643, 145
1157, -620, 187
1133, -614, 134
1133, -614, 134
1084, -535, 60
1018, -433, 1
919, -339, -5
786, -171, -26
689, 48, -27
655, 192, 50
655, 192, 50
598, 292, 114
498, 417, 177
478, 503, 190
536, 524, 139
536, 524, 139
598, 469, 62
659, 381, -4
741, 334, -27
832, 340, 11
832, 340, 11
891, 361, 68
955, 365, 124
1029, 332, 162
1098, 316, 178
1135, 310, 182
1135, 310, 182
1126, 275, 175
1117, 256, 139
1089, 252, 144
1048, 244, 187
1006, 191, 202
989, 111, 223
989, 111, 223
957, 35, 191
918, -11, 108
832, -34, 84
750, -96, 97
750, -96, 97
717, -255, 40
764, -429, -157
820, -597, -318
862, -719, -415
870, -815, -387
864, -928, -328
857, -1001, -294
807, -1020, -244
757, -962, -312
686, -836, -367
598, -708, -338
598, -708, -338
506, -589, -307
407, -501, -266
349, -431, -301
324, -418, -403
341, -395, -507
346, -349, -517
305, -253, -334
269, -149, -138
324, -103, 1
437, -185, 28
437, -185, 28
607, -324, -14
806, -440, -59
975, -518, -91
1128, -564, 13
1294, -606, 161
1451, -756, 218
1543, -862, 263
1578, -930, 368
1561, -896, 387
1515, -847, 312
1515, -847, 312
1479, -831, 183
1433, -772, 121
1361, -700, 132
1316, -646, 133
1296, -575, 129
1296, -521, 169
1327, -535, 200
1365, -576, 275
1393, -618, 323
1427, -680, 199
1426, -723, 96
1313, -675, -20
1087, -475, -50
1087, -475, -50
864, -267, -142
721, -51, -244
607, 120, -211
518, 232, -105
458, 351, -45
445, 433, 51
520, 446, 64
520, 446, 64
641, 427, 67
718, 411, 121
788, 389, 165
859, 392, 178
859, 392, 178
927, 385, 102
961, 373, 23
967, 376, -4
981, 362, 6
981, 362, 6
987, 324, 12
974, 272, -28
978, 265, -81
978, 265, -81
986, 248, -116
974, 178, -78
934, 88, -40
943, 21, -72
943, 21, -72
959, -44, -85
947, -105, -109
907, -158, -96
902, -236, -110
946, -359, -133
921, -483, -96
862, -563, -72
862, -563, -72
816, -611, -91
853, -692, -250
911, -826, -327
878, -905, -332
832, -901, -334
822, -842, -392
800, -769, -400
738, -692, -347
646, -555, -243
566, -428, -177
523, -336, -170
467, -253, -138
429, -212, -165
429, -212, -165
394, -198, -221
390, -178, -279
409, -180, -302
451, -223, -312
483, -320, -350
522, -371, -367
594, -374, -368
675, -412, -359
754, -434, -243
868, -408, -52
983, -383, 130
1173, -345, 449
1434, -375, 440
1434, -375, 440
1618, -369, 538
1623, -386, 761
1588, -425, 888
1552, -429, 884
1493, -418, 647
1379, -442, 461
1295, -517, 337
1231, -611, 252
1181, -664, 145
1150, -644, 54
1147, -643, 24
1172, -704, 77
1172, -704, 77
1184, -744, 133
1195, -683, 220
1206, -641, 268
1225, -604, 271
1186, -521, 276
1122, -423, 280
1065, -374, 206
1050, -353, 51
1054, -375, -65
1069, -382, -108
1001, -351, -47
906, -241, -8
906, -241, -8
791, -76, 28
733, 71, 58
705, 184, 164
663, 310, 263
663, 310, 263
636, 399, 262
641, 449, 169
695, 448, 129
770, 416, 118
770, 416, 118
831, 376, 124
887, 340, 116
917, 353, 118
948, 361, 130
1005, 339, 73
1005, 339, 73
1045, 322, 64
1067, 330, 85
1059, 327, 124
1057, 310, 132
1058, 286, 114
1055, 253, 107
1055, 253, 107
1025, 205, 60
996, 148, 64
934, 63, 128
887, 38, 148
887, 38, 148
854, -21, 112
853, -141, 2
843, -308, -51
814, -473, -82
814, -623, -148
814, -623, -148
804, -738, -239
801, -854, -358
805, -926, -505
786, -932, -523
753, -904, -475
692, -827, -415
634, -717, -393
583, -611, -352
544, -553, -305
512, -519, -301
485, -479, -326
456, -438, -355
434, -406, -345
409, -384, -311
391, -396, -295
391, -396, -295
373, -421, -294
365, -425, -312
387, -402, -374
409, -375, -411
430, -347, -361
454, -306, -172
553, -264, 18
727, -318, 175
977, -416, 262
1198, -484, 423
1436, -601, 459
1436, -601, 459
1624, -696, 537
1739, -729, 628
1738, -688, 705
1692, -631, 684
1631, -620, 643
1564, -634, 555
1495, -628, 444
1425, -621, 344
1355, -606, 249
1297, -597, 164
1235, -575, 155
1170, -537, 183
1116, -496, 172
1086, -444, 156
1086, -444, 156
1060, -383, 150
1003, -344, 200
952, -308, 190
950, -301, 145
952, -328, 2
935, -308, -116
873, -244, -113
773, -118, -11
700, -6, 12
700, -6, 12
730, -44, -41
820, -143, -175
834, -102, -100
755, 4, 142
755, 4, 142
705, 78, 237
705, 166, 256
774, 209, 125
826, 244, 60
826, 244, 60
816, 279, 113
833, 355, 114
853, 422, 110
915, 483, 59
915, 483, 59
989, 561, 18
1046, 665, 39
1063, 731, 156
1083, 687, 296
1083, 687, 296
1084, 597, 430
1032, 534, 509
1007, 476, 429
976, 389, 321
919, 259, 310
835, 119, 384
835, 119, 384
827, -101, 335
787, -181, 233
731, -152, 72
796, -294, -100
857, -540, -144
888, -677, -54
981, -878, -49
981, -878, -49
1041, -1008, -73
1015, -998, -64
916, -926, 1
805, -831, -4
724, -716, -122
683, -676, -228
639, -627, -254
567, -534, -204
489, -439, -223
489, -439, -295
463, -414, -295
479, -464, -371
447, -452, -365
382, -404, -369
386, -353, -399
417, -329, -360
451, -358, -250
486, -400, -169
560, -373, -82
655, -299, -1
759, -284, 125
759, -284, 125
865, -318, 223
1006, -261, 352
1183, -307, 332
1351, -440, 453
1461, -545, 586
1535, -552, 678
1579, -553, 699
1619, -576, 687
1629, -655, 662
1573, -694, 653
1486, -640, 614
1392, -560, 550
1334, -509, 472
1334, -509, 472
1316, -495, 399
1309, -501, 324
1268, -481, 299
1212, -409, 280
1155, -361, 299
1103, -335, 279
1044, -313, 191
1015, -295, 135
971, -259, 94
885, -175, 59
811, -86, 37
811, -86, 37
784, -20, 19
731, 39, 56
699, 95, 14
699, 95, 14
677, 158, 20
681, 208, 48
708, 226, 114
708, 226, 114
739, 230, 111
751, 217, 38
784, 217, -57
842, 223, -108
842, 223, -108
865, 236, -86
873, 244, -19
931, 286, -27
1007, 347, -32
1058, 426, 22
1100, 495, 74
1100, 495, 74
1127, 540, 258
1168, 561, 440
1177, 562, 505
1189, 534, 380
1151, 492, 249
965, 469, 425
965, 469, 425
804, 341, 528
809, 134, 320
879, -44, -7
873, -195, -174
805, -386, -155
748, -610, -206
748, -610, -206
775, -726, -340
800, -767, -429
776, -783, -411
718, -828, -313
661, -835, -251
637, -771, -286
616, -696, -324
562, -611, -335
482, -539, -316
432, -517, -361
442, -532, -470
456, -543, -512
438, -522, -446
388, -483, -336
388, -483, -336
348, -463, -299
373, -454, -393
386, -426, -444
385, -354, -404
402, -223, -209
430, -118, -5
556, -124, 22
777, -193, 36
995, -242, 187
995, -242, 187
1174, -279, 416
1290, -297, 652
1404, -334, 742
1527, -404, 816
1630, -540, 815
1726, -612, 756
1741, -674, 671
1693, -698, 653
1572, -705, 614
1458, -687, 504
1361, -640, 365
1256, -566, 246
1174, -504, 221
1174, -504, 221
1115, -480, 263
1066, -462, 316
1049, -438, 285
1049, -431, 204
1032, -405, 122
986, -372, 147
970, -350, 156
954, -314, 120
945, -274, 49
914, -233, -44
914, -233, -44
890, -201, -70
857, -129, -30
792, -12, 19
759, 58, 30
779, 91, -51
779, 91, -51
788, 139, -29
747, 253, 81
721, 357, 150
721, 357, 150
780, 398, 138
876, 415, 99
907, 462, 171
898, 542, 242
879, 622, 287
879, 622, 287
884, 664, 293
913, 670, 282
929, 677, 253
893, 680, 286
893, 680, 286
867, 649, 321
876, 571, 356
913, 468, 319
902, 360, 263
863, 259, 236
863, 259, 236
821, 171, 264
860, 44, 169
961, -80, -41
976, -161, -109
962, -217, -35
962, -217, -35
952, -283, 1
958, -313, 15
988, -373, -39
996, -434, -75
929, -488, -48
857, -503, -23
857, -503, -23
838, -532, -84
845, -582, -143
837, -649, -180
804, -712, -254
766, -730, -300
704, -698, -315
618, -632, -275
564, -614, -254
525, -612, -275
486, -577, -319
449, -529, -320
442, -510, -314
430, -518, -281
430, -518, -281
418, -514, -298
472, -500, -362
535, -519, -325
573, -510, -197
593, -429, -27
658, -321, 95
788, -310, 140
943, -340, 204
1094, -381, 267
1217, -394, 331
1217, -394, 331
1321, -396, 384
1389, -373, 407
1456, -367, 409
